results_dict: 
{'metrics/precision(B)': 0.5662191080487153,
 'metrics/recall(B)': 0.6022019361476879, 
'metrics/mAP50(B)': 0.5871213319339412, '
metrics/mAP50-95(B)': 0.45227852379567574, 
'fitness': 0.45227852379567574}